16 0.642969 0.354687 0.204687 0.131250
16 0.682813 0.168750 0.053125 0.118750
17 0.413281 0.746875 0.085938 0.087500
17 0.564063 0.876563 0.081250 0.071875
17 0.223438 0.575000 0.068750 0.059375
17 0.843750 0.373437 0.034375 0.037500
17 0.256250 0.389844 0.053125 0.039062
17 0.274219 0.857812 0.101562 0.096875
17 0.660156 0.785937 0.120313 0.118750
17 0.317188 0.600781 0.062500 0.057813
17 0.539062 0.628906 0.062500 0.054688
17 0.042188 0.509375 0.050000 0.040625
17 0.303906 0.444531 0.048438 0.035937
17 0.930469 0.195312 0.048438 0.043750
17 0.709375 0.907031 0.071875 0.073438
17 0.406250 0.914062 0.059375 0.059375
17 0.245312 0.689063 0.075000 0.062500
