17 0.105469 0.723437 0.060937 0.059375
17 0.539844 0.877344 0.089063 0.092188
17 0.694531 0.705469 0.067187 0.073438
17 0.464844 0.604688 0.064062 0.062500
17 0.661719 0.414844 0.076563 0.082812
17 0.864062 0.571875 0.056250 0.059375
17 0.822656 0.693750 0.064062 0.050000
17 0.877344 0.774219 0.067187 0.064062
17 0.175000 0.528125 0.062500 0.056250
17 0.805469 0.433594 0.067187 0.054688
17 0.721094 0.871875 0.057813 0.053125
17 0.310156 0.966406 0.048438 0.048438
17 0.928125 0.317188 0.065625 0.059375
17 0.692969 0.259375 0.060937 0.050000
17 0.766406 0.316406 0.067187 0.054688
17 0.041406 0.440625 0.057813 0.046875
17 0.785156 0.221875 0.054688 0.037500
17 0.146094 0.184375 0.048438 0.037500
17 0.866406 0.881250 0.073438 0.065625
17 0.756250 0.582812 0.068750 0.075000
16 0.400781 0.896875 0.082812 0.206250
16 0.231250 0.827344 0.196875 0.132812
16 0.232031 0.660156 0.095312 0.139063
16 0.499219 0.438281 0.189062 0.060937
16 0.289844 0.442188 0.154688 0.106250
