17 0.306250 0.565625 0.071875 0.059375
17 0.561719 0.482031 0.123438 0.110937
17 0.428906 0.497656 0.132812 0.110937
17 0.357031 0.311719 0.085938 0.067187
17 0.351562 0.214844 0.087500 0.070312
17 0.468750 0.200000 0.109375 0.084375
17 0.194531 0.333594 0.139063 0.110937
17 0.096094 0.136719 0.101562 0.082812
17 0.834375 0.325781 0.084375 0.067187
17 0.525000 0.082031 0.162500 0.110937
17 0.182812 0.226562 0.075000 0.056250
17 0.220312 0.162500 0.084375 0.053125
17 0.513281 0.361719 0.148438 0.117188
17 0.850000 0.158594 0.128125 0.120313
17 0.457813 0.278906 0.100000 0.070312
