17 0.174219 0.278906 0.167187 0.145313
17 0.279687 0.194531 0.118750 0.092188
17 0.486719 0.175781 0.176563 0.120313
17 0.332813 0.584375 0.165625 0.146875
17 0.488281 0.474219 0.198437 0.151562
17 0.375781 0.335938 0.148438 0.115625
17 0.687500 0.459375 0.175000 0.209375
17 0.749219 0.280469 0.160938 0.157812
17 0.828125 0.182031 0.103125 0.110937
17 0.646094 0.622656 0.114062 0.098437
17 0.261719 0.710938 0.154688 0.134375
17 0.085156 0.491406 0.164062 0.145313
17 0.920312 0.633594 0.115625 0.110937
17 0.464844 0.368750 0.073438 0.068750
