17 0.377344 0.098437 0.120313 0.078125
17 0.524219 0.080469 0.157812 0.098437
17 0.196875 0.336719 0.131250 0.117188
17 0.304688 0.565625 0.084375 0.059375
17 0.430469 0.500781 0.132812 0.117188
17 0.557813 0.476562 0.125000 0.118750
17 0.512500 0.360156 0.146875 0.120313
17 0.467969 0.200000 0.107813 0.084375
17 0.357031 0.310937 0.082812 0.068750
17 0.351562 0.215625 0.093750 0.068750
17 0.180469 0.226562 0.092188 0.056250
17 0.095312 0.136719 0.096875 0.079687
17 0.828906 0.329688 0.092188 0.071875
17 0.844531 0.160938 0.132812 0.121875
