17 0.239844 0.592187 0.045312 0.037500
17 0.067187 0.601562 0.053125 0.040625
17 0.271875 0.551562 0.046875 0.040625
17 0.327344 0.567187 0.048438 0.037500
17 0.289062 0.722656 0.040625 0.035937
17 0.557031 0.696094 0.048438 0.045312
17 0.512500 0.875781 0.062500 0.057813
17 0.415625 0.919531 0.053125 0.054688
17 0.069531 0.917188 0.067187 0.068750
17 0.450000 0.774219 0.040625 0.045312
17 0.089063 0.853906 0.043750 0.039062
17 0.324219 0.877344 0.032813 0.039062
17 0.443750 0.637500 0.037500 0.034375
18 0.642188 0.210938 0.231250 0.312500
18 0.372656 0.251563 0.267188 0.196875
