18 0.685156 0.263281 0.235937 0.251563
18 0.407813 0.243750 0.253125 0.234375
17 0.209375 0.726562 0.056250 0.050000
17 0.175000 0.798438 0.056250 0.056250
17 0.460938 0.687500 0.043750 0.043750
17 0.325781 0.689063 0.045312 0.043750
17 0.539844 0.666406 0.054688 0.051562
17 0.524219 0.728125 0.054688 0.056250
17 0.307812 0.789062 0.062500 0.050000
17 0.189062 0.414062 0.040625 0.034375
17 0.293750 0.468750 0.040625 0.031250
17 0.046094 0.624219 0.054688 0.042188
17 0.255469 0.582812 0.035937 0.031250
17 0.353125 0.482812 0.037500 0.034375
18 0.057031 0.374219 0.110937 0.182812
18 0.103906 0.186719 0.204687 0.179688
